[gd_scene format=3 uid="uid://bko1vqovjcgo8"]

[ext_resource type="Script" uid="uid://di0l04njfdyel" path="res://Scripts/player.gd" id="1_dysn3"]
[ext_resource type="Script" uid="uid://csjccrhj5wnx7" path="res://addons/phantom_camera/scripts/phantom_camera/phantom_camera_3d.gd" id="2_mepjo"]
[ext_resource type="Script" uid="uid://8umksf8e80fw" path="res://addons/phantom_camera/scripts/resources/tween_resource.gd" id="3_ssgyw"]
[ext_resource type="Script" uid="uid://bd046eokvcnu2" path="res://addons/phantom_camera/scripts/phantom_camera_host/phantom_camera_host.gd" id="4_ek5ux"]

[sub_resource type="CapsuleShape3D" id="CapsuleShape3D_8j60k"]

[sub_resource type="SphereShape3D" id="SphereShape3D_blnjl"]

[sub_resource type="Resource" id="Resource_rlble"]
script = ExtResource("3_ssgyw")
duration = 0.25
transition = 5

[sub_resource type="SphereMesh" id="SphereMesh_cwweq"]

[sub_resource type="CapsuleMesh" id="CapsuleMesh_cwweq"]

[sub_resource type="StandardMaterial3D" id="StandardMaterial3D_dysn3"]
albedo_color = Color(0.9960334, 0, 0.6155507, 1)

[sub_resource type="BoxMesh" id="BoxMesh_mepjo"]

[node name="Player Body" type="CharacterBody3D" unique_id=1805124832 node_paths=PackedStringArray("gun", "default_cam", "zoom_cam", "cam_origin", "cam")]
slide_on_ceiling = false
script = ExtResource("1_dysn3")
gun = NodePath("Gun")
default_cam = NodePath("Cam Origin/SpringArm3D/Default Cam")
zoom_cam = NodePath("Cam Origin/SpringArm3D2/Close Cam")
cam_origin = NodePath("Cam Origin")
cam = NodePath("Camera3D")

[node name="CollisionShape3D" type="CollisionShape3D" parent="." unique_id=252550095]
shape = SubResource("CapsuleShape3D_8j60k")

[node name="Cam Origin" type="Node3D" parent="." unique_id=1716167983]
transform = Transform3D(1, 0, 0, 0, 0.9641047, 0.26552245, 0, -0.26552245, 0.9641047, 0, 1.2079173, 0)

[node name="SpringArm3D" type="SpringArm3D" parent="Cam Origin" unique_id=703369229]
transform = Transform3D(1, 0, 0, 0, 1, 0, 0, 0, 1, -0.04020282, -0.44801423, 0.48047787)
shape = SubResource("SphereShape3D_blnjl")
spring_length = 3.0
margin = 0.5

[node name="Default Cam" type="Node3D" parent="Cam Origin/SpringArm3D" unique_id=1447527248]
transform = Transform3D(1, 0, 0, 0, 0.99785453, 0.06547278, 0, -0.06547278, 0.99785453, -0.17412782, 0.088360846, 1.3084576)
script = ExtResource("2_mepjo")
priority = 10
tween_resource = SubResource("Resource_rlble")
metadata/_custom_type_script = "uid://csjccrhj5wnx7"

[node name="aim" type="Marker3D" parent="Cam Origin/SpringArm3D/Default Cam" unique_id=1825290542]
transform = Transform3D(0.8332785, 0.04822282, -0.5507465, -0.14308904, 0.981056, -0.13059317, 0.53401554, 0.18762623, 0.824393, -0.66106844, -2.9802322e-08, -2.3706212)

[node name="RayCast3D" type="RayCast3D" parent="Cam Origin/SpringArm3D/Default Cam/aim" unique_id=669128208]
transform = Transform3D(0.9219107, 0.38679346, -0.021710258, 0.008114657, -0.0753086, -0.99712723, -0.38731727, 0.91908616, -0.07256652, 0, 0, 0)
target_position = Vector3(0, -5, 0)
collision_mask = 2

[node name="aim" type="MeshInstance3D" parent="Cam Origin/SpringArm3D/Default Cam/aim/RayCast3D" unique_id=853194357]
transform = Transform3D(0.09, 0, 0, 0, 0.09, 0, 0, 0, 0.09, 6.437302e-08, -4.6565275, 0)
mesh = SubResource("SphereMesh_cwweq")

[node name="SpringArm3D2" type="SpringArm3D" parent="Cam Origin" unique_id=147311797]
transform = Transform3D(0.9286866, -1.4901161e-08, -0.37086546, -0.11551445, 0.95025504, -0.28926045, 0.35241678, 0.31147268, 0.88248926, -1.2189602, -0.5122129, 0.39445883)
shape = SubResource("SphereShape3D_blnjl")
margin = 0.5

[node name="Close Cam" type="Node3D" parent="Cam Origin/SpringArm3D2" unique_id=1769517213]
transform = Transform3D(1, 0, 0, 0, 0.99785453, 0.06547278, 0, -0.06547278, 0.99785453, -0.17412782, 0.088360846, 1.3084576)
script = ExtResource("2_mepjo")
tween_resource = SubResource("Resource_rlble")
metadata/_custom_type_script = "uid://csjccrhj5wnx7"

[node name="Body" type="MeshInstance3D" parent="." unique_id=1086601029]
mesh = SubResource("CapsuleMesh_cwweq")
surface_material_override/0 = SubResource("StandardMaterial3D_dysn3")

[node name="Camera3D" type="Camera3D" parent="." unique_id=959619856]
physics_interpolation_mode = 1
transform = Transform3D(1, 0, 0, 0, 0.9446518, 0.3280754, 0, -0.3280754, 0.9446518, -0.21433064, 1.3361764, 1.8202171)
top_level = true

[node name="PhantomCameraHost" type="Node" parent="Camera3D" unique_id=1412045122]
process_priority = 300
process_physics_priority = 300
script = ExtResource("4_ek5ux")
metadata/_custom_type_script = "uid://bd046eokvcnu2"

[node name="Gun" type="MeshInstance3D" parent="." unique_id=1271846376]
transform = Transform3D(0.3, 0, 0, 0, 0.24, 0, 0, 0, 1.5, -0.90000004, 0.48, -0.5917337)
visible = false
mesh = SubResource("BoxMesh_mepjo")
